{
 "cells": [
  {
   "cell_type": "code",
   "execution_count": 1,
   "metadata": {
    "collapsed": true
   },
   "outputs": [],
   "source": [
    "import numpy as np"
   ]
  },
  {
   "cell_type": "code",
   "execution_count": 2,
   "metadata": {},
   "outputs": [],
   "source": [
    "Omega = np.array([[1, 0, 1],\n",
    "                  [0,0,0], \n",
    "                  [1,0,1]])\n",
    "Lambda = np.array([[2,1,1], \n",
    "                   [1,0,-1],\n",
    "                   [1,-1, 2]])"
   ]
  },
  {
   "cell_type": "code",
   "execution_count": 3,
   "metadata": {},
   "outputs": [
    {
     "data": {
      "text/plain": [
       "array([[1, 0, 1],\n",
       "       [0, 0, 0],\n",
       "       [1, 0, 1]])"
      ]
     },
     "execution_count": 3,
     "metadata": {},
     "output_type": "execute_result"
    }
   ],
   "source": [
    "Omega"
   ]
  },
  {
   "cell_type": "code",
   "execution_count": 4,
   "metadata": {},
   "outputs": [
    {
     "data": {
      "text/plain": [
       "array([[ 2,  1,  1],\n",
       "       [ 1,  0, -1],\n",
       "       [ 1, -1,  2]])"
      ]
     },
     "execution_count": 4,
     "metadata": {},
     "output_type": "execute_result"
    }
   ],
   "source": [
    "Lambda"
   ]
  },
  {
   "cell_type": "code",
   "execution_count": 5,
   "metadata": {
    "collapsed": true
   },
   "outputs": [],
   "source": [
    "U = np.array([[-1/np.sqrt(6), -1/np.sqrt(3), 1/np.sqrt(2)], \n",
    "              [2/np.sqrt(6), -1/np.sqrt(3), 0],\n",
    "              [1/np.sqrt(6), 1/np.sqrt(3), 1/np.sqrt(2)]])"
   ]
  },
  {
   "cell_type": "code",
   "execution_count": 6,
   "metadata": {},
   "outputs": [
    {
     "data": {
      "text/plain": [
       "array([[-0.40824829, -0.57735027,  0.70710678],\n",
       "       [ 0.81649658, -0.57735027,  0.        ],\n",
       "       [ 0.40824829,  0.57735027,  0.70710678]])"
      ]
     },
     "execution_count": 6,
     "metadata": {},
     "output_type": "execute_result"
    }
   ],
   "source": [
    "U"
   ]
  },
  {
   "cell_type": "code",
   "execution_count": 7,
   "metadata": {},
   "outputs": [
    {
     "data": {
      "text/plain": [
       "array([[-0.40824829,  0.81649658,  0.40824829],\n",
       "       [-0.57735027, -0.57735027,  0.57735027],\n",
       "       [ 0.70710678,  0.        ,  0.70710678]])"
      ]
     },
     "execution_count": 7,
     "metadata": {},
     "output_type": "execute_result"
    }
   ],
   "source": [
    "U.T"
   ]
  },
  {
   "cell_type": "code",
   "execution_count": 18,
   "metadata": {},
   "outputs": [
    {
     "data": {
      "text/plain": [
       "array([[  0.00000000e+00,   0.00000000e+00,   0.00000000e+00],\n",
       "       [  0.00000000e+00,   0.00000000e+00,   0.00000000e+00],\n",
       "       [ -4.90285357e-17,   3.55923857e-17,   2.00000000e+00]])"
      ]
     },
     "execution_count": 18,
     "metadata": {},
     "output_type": "execute_result"
    }
   ],
   "source": [
    "np.matmul(np.matmul(U.T, Omega), U)"
   ]
  },
  {
   "cell_type": "code",
   "execution_count": 19,
   "metadata": {},
   "outputs": [
    {
     "data": {
      "text/plain": [
       "array([[ -1.00000000e+00,   2.09522145e-17,   6.37665793e-17],\n",
       "       [  1.33216630e-16,   2.00000000e+00,  -1.86452219e-16],\n",
       "       [ -1.80316523e-17,  -5.76337239e-17,   3.00000000e+00]])"
      ]
     },
     "execution_count": 19,
     "metadata": {},
     "output_type": "execute_result"
    }
   ],
   "source": [
    "np.matmul(np.matmul(U.T, Lambda), U)"
   ]
  },
  {
   "cell_type": "code",
   "execution_count": null,
   "metadata": {
    "collapsed": true
   },
   "outputs": [],
   "source": []
  }
 ],
 "metadata": {
  "kernelspec": {
   "display_name": "Python [default]",
   "language": "python",
   "name": "python3"
  },
  "language_info": {
   "codemirror_mode": {
    "name": "ipython",
    "version": 3
   },
   "file_extension": ".py",
   "mimetype": "text/x-python",
   "name": "python",
   "nbconvert_exporter": "python",
   "pygments_lexer": "ipython3",
   "version": "3.5.3"
  },
  "latex_envs": {
   "LaTeX_envs_menu_present": true,
   "bibliofile": "biblio.bib",
   "cite_by": "apalike",
   "current_citInitial": 1,
   "eqLabelWithNumbers": true,
   "eqNumInitial": 1,
   "labels_anchors": false,
   "latex_user_defs": false,
   "report_style_numbering": false,
   "user_envs_cfg": false
  }
 },
 "nbformat": 4,
 "nbformat_minor": 2
}
